[[5.55443848]
 [5.56253733]
 [5.25770518]
 [6.25921589]
 [5.22109336]
 [6.13489412]
 [6.14080877]
 [6.2596208 ]
 [6.30778318]
 [5.68859879]
 [5.42631184]
 [5.54570112]
 [6.27832846]
 [5.88093838]
 [5.95945422]
 [5.85752742]
 [5.56204807]
 [6.95931893]
 [5.16766602]
 [6.81911401]
 [6.45439567]
 [6.24767655]
 [5.5940086 ]
 [5.35452211]
 [5.67661102]
 [6.65294681]
 [6.11634779]
 [6.0140066 ]
 [5.54164501]
 [6.18971509]
 [5.95724808]
 [6.50232798]
 [6.3522495 ]
 [5.92613563]
 [5.19267845]
 [5.12464899]
 [5.75430408]
 [6.34356682]
 [5.6744356 ]
 [6.76729168]
 [5.30087956]
 [5.22917096]
 [5.86271679]
 [6.21624544]
 [5.57702432]
 [5.88393179]
 [5.44463909]
 [5.99333488]
 [5.53195824]
 [6.11759869]
 [5.94000401]
 [4.90557192]
 [5.97761366]
 [5.65144433]
 [5.49483538]
 [6.86171734]
 [5.70942988]
 [6.21495525]
 [6.60060723]
 [5.51015412]
 [6.3525284 ]
 [5.57107191]
 [5.61035257]
 [5.14446214]
 [5.97447421]
 [6.15899412]
 [5.94455028]
 [5.81444285]
 [6.28986397]
 [6.64908659]
 [6.44340391]
 [5.05987588]
 [4.96792785]
 [6.01114952]
 [5.2108596 ]
 [6.11953467]
 [6.08860631]
 [6.3723719 ]
 [6.14751024]
 [6.74904564]
 [5.42217634]
 [6.492364  ]
 [5.83005302]
 [5.7128033 ]
 [5.34850272]
 [5.3184859 ]
 [4.69487556]
 [6.05365133]
 [6.39772976]
 [5.6481411 ]
 [5.55131608]
 [5.32524628]
 [6.31729654]
 [6.05196693]
 [5.50765112]
 [5.43581112]
 [5.67841065]
 [5.05180553]
 [5.73446417]
 [6.13596782]
 [5.51019745]
 [5.56658458]
 [5.8667065 ]
 [6.00355172]
 [6.25787681]
 [5.54507623]
 [5.33734873]
 [5.68067352]
 [5.38118017]
 [5.67950708]
 [6.67847267]
 [5.77588272]
 [5.70489447]
 [5.85612484]
 [5.5120269 ]
 [5.02818626]
 [5.00041304]
 [5.66142516]
 [6.35781517]
 [5.67296705]
 [6.34146434]
 [5.48526873]
 [5.10084686]
 [5.06726116]
 [6.51837118]
 [5.69219738]
 [6.31740407]
 [6.79340388]
 [4.8256074 ]
 [5.50794662]
 [5.5405838 ]
 [5.45893458]
 [5.72807576]
 [6.29883367]
 [6.21773072]
 [5.16041394]
 [5.76886565]
 [6.08438146]
 [5.34574571]
 [4.88755372]
 [5.97774424]
 [5.73145408]
 [5.50640636]
 [6.57718172]
 [6.12679981]
 [5.73467118]
 [5.34966936]
 [5.24352439]
 [5.72293023]
 [5.3369078 ]
 [5.09232522]
 [5.48307107]
 [5.97942137]
 [5.80843875]
 [5.78343404]
 [5.15430562]
 [5.08386282]
 [5.06010956]
 [5.64842658]
 [5.30111665]
 [6.43875601]
 [5.20472141]
 [5.61584445]
 [6.4010326 ]
 [6.51215505]
 [6.05170483]
 [5.11619942]
 [6.45291616]
 [5.2078447 ]
 [5.44562236]
 [6.32691916]
 [6.3575214 ]
 [5.05877026]
 [5.42307946]
 [6.37420212]
 [4.84028882]
 [5.87761815]
 [5.14733843]
 [5.22286376]
 [5.42002454]
 [4.91319259]
 [5.19885404]
 [5.7121998 ]
 [5.35998363]
 [5.34816202]
 [5.07350168]
 [6.10629558]
 [6.02394366]
 [5.29593037]
 [5.09238539]
 [5.31419388]
 [5.60277104]
 [5.30415772]
 [5.64089232]
 [4.47423404]
 [5.70309981]]