0.02373471934441911
0.060176500780456554
0.06027436802733193
0.04990871562064668
0.060236319193130716
0.0533595211063895
0.062026667567357564
0.057478425209834524
0.06019441561137479
0.03129755121515056
0.0602849698491502
0.05968359258549382
0.06200395081621128
0.13323354288470682
0.06027768066051491
0.05962135757644779
0.006900796223664531
0.059718513115684414
0.059523902535973346
0.16607029505389265
0.05999355240168138
0.02607344975407228
0.05999018944368851
0.056556729712571766
0.06028695603358854
0.06085183687073689
0.0724475544942258
0.14512217303124816
0.07315429614664981
0.05866113080240569
0.0387867684275031
0.03746407622541861
0.06027032029955553
0.0605660618880196
0.05947476143727427
0.03832859118853061
0.06036730634583239
0.0615675224399968
0.06839260110604684
0.05964226301952446
0.056457587406500476
0.061161227248637665
0.05616856301005198
0.06049412390441036
0.05437701382893872
0.8613545269489633
0.3418139726699857
0.07078848507508033
0.05663619325721105
0.02373619456559823
0.06134948613550459
0.06135602584276458
0.060282826115515414
0.059566909266037346
0.05942809141919495
0.060306954589622486
0.060223411451204044
0.05246217186718064
0.060021142947150635
0.060198269109306875
0.055571906772964516
0.07042400043564134
0.059948761296683806
0.06029424690401768
0.060228427342681065
0.08124154990856039
0.059388111769723126
0.056777424648775596
0.03768091913568523
0.06052069223792325
0.060248441367830224
0.023305283860495452
0.05635426569884319
0.061776223211837844
0.05981278333937774
0.037782350779707596
0.05948807945592777
0.0597305223220229
0.08455756308904849
0.04686954642488581
0.024247776442762305
0.0500429027963789
0.059784049046122056
0.0646376723603171
0.06011174257829604
0.06112658802308957
0.059943839866344564
0.061266304530612756
0.06011448505008851
0.05989231877707973
0.06028253529537319
0.06028160611098096
0.05988390139603273
0.061979300054796564
0.061832277585863925
0.060285606955775506
0.07321753015022478
0.06015381065892948
0.06008678336818933
0.060233841415662064
0.06019972517772083
0.06087335446994726
0.06008790827961878
0.06017861225762569
0.060139281374533574
0.061452686262896655
0.060197371664549436
0.06020197690358007
0.060182726780566
0.06006854919949621
0.059974728689187795
0.059455422901963165
0.05938354466966101
0.05916427677999871
0.06181489669462792
0.059426525358719146
0.060050855055018254
0.059995608664439634
0.06196271523644804
0.05612877954820934
0.06013975120131155
0.05948917967172213
0.39872087522375693
0.06014921732286945
0.0602090294659988
0.060201898213336165
0.06014156160304969
0.05954799243868166
0.06018739114596955
0.06161589725027624
0.051045077828039416
0.023872826979851613
0.052082272828081824
0.05234886910932195
0.06014357400672747
0.05976421114914754
0.04318880043656725
0.5294159007148517
0.06174357537894985
0.06025491012184108
0.06023348499695492
0.05995525528569706
0.06006726793633558
0.05985569818797399
0.060046218312166985
0.061930122451253795
0.03861214853063517
0.06002319085694296
0.059732511274672925
0.06180761329437747
0.06002582004199667
0.06025504304985655
0.057334734682931154
0.059430306428289156
0.05946192756461064
0.05697077665913109
0.005628087861853026
0.060077362144869625
0.06136192185569382
0.06007343551528337
0.05980700682479252
0.06012989637105913
0.06004692921016374
0.060251115838644106
0.059976661775713626
0.0602077110189564
0.0598137979840094
0.0603720892196917
0.05992796638872649
0.059893867831538175
0.06020856987519252
0.06022295611443661
0.06145839829344898
0.060222028794510746
0.059962922841691274
0.06201506584742313
0.060178543614362486
0.04547334684325759
0.05862295596985649
0.06028196438246728
0.05965926958168465
0.1045204400084649
0.059739544561504716
0.060113630411971056
0.27686154815626524
0.05945336300985733
0.05461884133945954
0.06170040655727185
0.05888494521598988
0.06003500537343643
0.059709260087095664
0.023821817408429334
0.060286126218584916
0.0525689627737067
0.06004505820557382
0.059968532126734406
0.05230666426273836
0.05994553315342721
0.056073849389880484
0.022572214439053617
0.05993069773575088
0.060102335422732064
0.06008630831207465
0.06151730092863184
0.061083001297043485
0.06022868809403432
0.060008611494940925
0.06028979412632089
0.060129077497473676
0.06008772975373826
0.07515464426542988
0.05992633241668771
0.060023426189694466
0.07338040609052258
0.05989022012863146
0.06025361508640317
0.06088049880730068
0.0600509228781926
0.05998854359673528
0.05994645080281025
0.04050590175143461
0.0599602450962561
0.06210567426540671
0.06009611658920124
0.0602963107141604
0.05660340740612667
0.060223875692637686
0.06170202418969015
0.060095422581964875
0.05937487752104877
0.060195581117604126
0.049261036579447394
0.7305997833298219
0.05415399992354966
0.059633161579771325
0.05995156450021998
0.05646534929373985
0.05996701205043016
0.060046939997687156
0.05971354844463065
0.05994259096469983
0.04998463413584771
0.0598099793712592
0.06008067771836327
0.06010124183105981
0.0601258313526673
0.060078365104983794
0.04216907480305191
0.011022362933774933
0.0593714053475377
0.061680874035888504
0.060082819533867696
0.055604695349985286
0.029560662146992465
0.06112830989506902
0.06022552814851016
0.060215263191778355
0.05972282904871841
0.005434534785920596
0.05343537373027365
0.06051523201413014
0.06020035164091997
0.09791880848827583
0.059575987221999076
0.040815835035888266
0.06010331578973078
0.041965744834364015
0.06102035678428651
0.0617133121004834
0.06191648104605422
0.05952301924535476
0.06199718657238588
0.060226112754084404
0.059918104577700554
0.06020801905929516
0.054044496475889145
0.060307258095758175
0.023200741311191344
0.06000734217503017
0.06010830221131623
0.059493233611636324
0.022638157571123377
0.03977000615302317
0.06023571100338548
0.06018858695418563
0.06027643665347036
0.06438572064909623
0.048650394738582875
0.03765480009477656
0.03299372971716364
0.05996955885889392
0.059938170584345085
0.06673992180215477
0.04079079260714116
0.016431491888928382
0.060061047648639475
0.05636831198215784
0.060215002906976005
0.05946297810504443
0.17330982285200586
0.06305913009097686
0.06026718739827947
0.06004192881500151
0.05534791217937659
0.055235890554524006
0.060092228152585636
0.06090758923596861
0.057658967986038256
0.06189409457745423
0.06456415435685095
0.03055464003329512
0.05993989157862822
0.05982573533524971
0.06201552435742373
0.060190604533669395
0.022299439869957364
0.04225225824066862
0.06005676131371729
0.027933758485634057
0.05958747154631027
0.05906978322606254
0.06045775158421675
0.059901386409049594
0.05555115643239062
0.03958438324894059
0.050335559487654016
0.060166939940442886
0.058314784462279876
0.056946352363024665
0.05980576406747988
0.031149846502693167
0.06011479505707292
0.050791236082622884
0.06005936197922645
0.05555483917304356
0.044375990229156996
0.06232653431612011
0.04472547378638599
0.04046622477970172
0.06002786783503008
0.04046698126206722
0.06005272006112661
0.18151946433784147
0.06031503632513734
0.061827180314747585
0.05890059985567604
0.05650446425129541
0.026868566343893806
0.061800729521455426
0.061183708682584444
0.3412873900066158
0.052795109945675475
0.06185113325495748
0.05975795876729545
0.049901956574388444
0.04045945603933612
0.06023598341538419
0.060306898703508964
0.15822095918854523
0.035161293995935976
0.06016832479488755
0.06000135940546739
0.06167518827384655
0.061314521130573535
0.06058443346531649
0.05500999228212086
0.05036391933426016
0.06010348650607196
0.06016880206770562
0.05982178605390745
0.038236171846969556
0.008779162867646923
0.06001572834002603
0.059760600999526854
0.05797516776475528
0.061187401696844466
0.04938014452652924
0.060046358703063095
0.060280791678806116
0.04046622477970172
0.050705168853191034
0.059994829847036725
0.05942951138402464
0.06001359885478278
0.059541857759503276
0.060055030594163825
0.5879358688725747
0.060278485181478166
0.05997765569398318
0.05962172115144526
0.056216362946000346
0.05951182602863323
0.05956283934640553
0.06004016327594963
0.038251377371804084
0.050996921487121316
0.05996781972236233
0.059968429772342215
0.06007856554419318
0.039046587484377344
0.05981677606398125
0.061999722319722096
0.059984844331312924
0.06007254217423611
0.0599439233200773
0.06060124747403226
0.06174666037008656
0.023374036459163024
0.06018918844103577
0.06035214007693385
0.08617087495188708
0.061543358040004874
0.05952411203569415
0.05235836377123323
0.06134673997449146
0.07356877266882768
0.05973698995688027
0.0602142197434933
0.676784923562868
0.05968346493326755
0.057952117391532235
0.05954734912641791
0.06144137960529997
0.06009408988217719
0.05994300379269733
0.06174467165658642
0.06195366555852227
0.05966844868647629
0.05939250019883461
0.059554574103734735
0.061407891095549616
0.06007466267158858
0.06032415009440274
0.06038823412836008
0.06101279387355241
0.06004746453861177
0.06126527041458396
0.05959991774645392
0.055172887791270914
0.0595000191388391
0.060077940628410265
0.05634440463818122
0.0598073391836738
0.061833630726747475
0.059491279847157186
0.061540539448470086
0.049480009912140244
0.0021347346575215026
0.061679292165805026
0.05972365523302132
0.06022915142612735
0.06013847502415196
0.05957682651251353
0.05462293163387497
0.06013624451876612
0.060179512909011385
0.061970765183827235
0.2470967276140341
0.06143959146991691
0.0602564359769677
0.061679092797637246
0.06185836891285757
0.0600524141849508
0.05985173261885686
0.05974368838759965
0.060110649544890746
0.06008890256293975
0.059466974325816456
0.05463051051970014
0.0032218016053659087
0.06008417727659206
0.05980531076815608
0.059524684800856875
0.05992625956185518
0.059972776937645175
0.06018222488960421
0.06020724565673966
0.06015302673496227
0.05986363193232361
0.05997124073793138
0.059568679688150085
0.07201266168812642
0.0600712705323585
0.038917453502629304
0.12017118050456255
0.058311640549410945
0.06022318891794291
0.06059452553103074
0.05688461345799968
0.060190353481596105
0.06016806315586879
0.06006914111637144
0.060112849601106175
0.05938095553673254
0.03068204749634652
0.9568341909491953
0.06132188336407588
0.06019405629643851
0.05989466021175845
0.059948592921011824
0.06048002551128064
0.0599405023428714
0.06200423146906859
0.05958999432899248
0.06168806991829362
0.05939593391257127
0.060589997443848784
0.04915942038058638
0.05999457603203697
0.059992765616261136
0.06022410137023136
0.059871181889446616
0.06150689809569799
0.05950732554390233
0.06199551161695761
0.05998073344359523
0.060134084197979436
0.05997527045003875
0.06001702386543502
0.059803118049086286
0.05978081747024712
0.06002082099263946
0.061947507964591794
0.06012769028811495
0.06093488604454593
0.061900414748512406
0.05974905066449146
0.060092703620832875
0.061799804974455606
0.059862631570182706
0.059612154588559715
0.11533967444580262
0.021570189489859844
0.03923988938901211
0.062034207801280376
0.06026618243544684
0.061567517384424376
0.05983587363876139
0.03307036831771302
0.06005990853095504
0.06200787455439539
0.05991285459508461
0.06003626907868537
0.060026209153751675
0.06037743576596618
0.0601782355335023
0.060635743216998265
0.05960479203127874
0.060274870820055566
0.06168608323119806
0.0618237617241063
0.060316279289635455
0.06010995380043194
0.061472579584793755
0.060244077292650355
0.06020138795619956
0.059603496034495995
0.06016407490260911
0.04046622984337551
0.06152007378876708
0.06004028291849128
0.0548755755869336
0.06152061881057959
0.021803872576984858
0.0599068437589924
0.05993832163117224
0.060372460632155074
0.05992152237094904
0.060112702342500664
0.060780219237858285
0.060249800336975703
0.0599001051458453
0.06017688559490772
0.06030717350454575
0.05999847685207884
0.0602177514271648
0.06010477973266501
0.058346039462869544
0.06035133376035205
0.05975702247328547
0.06017070953838441
0.060170086167495564
0.0510168967164607
0.05013881648189792
0.06023974102045695
0.04560126243810962
0.04208730248034141
0.04684688186559219
0.044432177155037035
0.1711408586612877
0.06006478605864046
0.0597354218137828
0.09117273837352646
0.02946767394040218
0.03532970171236752
0.05432927193172568
0.060247588259183395
0.059671554674367445
0.03506102336764442
0.03089434893386624
0.05910955278326106
0.05948576887894133
0.05990921474848805
0.060258885172959915
0.06094314770026959
0.059800293467106115
0.06031826942056946
0.020294447214660557
0.060593792161801614
0.05951945706880762
0.05618820504934427
0.06018672837093949
0.05945459017275855
0.0406257761586971
0.06022360961378016
0.06008490047921872
0.04307626607136646
0.06017740674798299
0.05954969848407093
0.06192301562388828
0.030582839975538786
0.06010080242697601
0.0604796818967545
0.03284802039662771
0.032211901126437445
0.041962322126608415
0.054772545499226395
0.060994696512894166
0.05250541894415587
0.06157327622282961
0.060585996533696534
0.007521176616500733
0.05988183441444306
0.03650063169089503
0.06171674037426521
0.06021804399266153
0.0599456112371815
0.037404238650450526
0.06105702968311112
0.051147370505147595
0.06002040160022792
0.05992874206495502
0.06022561868032981
0.06023935743934274
0.04493406781597912
0.035201257838617626
0.03273260257408594
0.04495958843587242
0.06014167887458321
0.053793254129315064
0.03159642025143934
0.06005538629435686
0.06052648633202314
0.06016272558017659
0.05993587104139824
0.059992581071603455
0.031611660910066175
0.06002455757058355
0.010589085562426133
0.05861701296093501
0.06006385281239989
0.060067684870616186
0.060493882466233426
0.060027366421243164
0.06008803637332191
0.05501095108298572
0.06111471841598245
0.059391400469148654
0.06006684046668703
0.04648789841719664
0.059683572188521876
0.060056260431366734
0.059588705497434336
0.060456500613768116
0.045726067816727875
0.06013519887773669
0.059901349693636925
0.060096144748176115
0.059825266111943456
0.030350824357597575
0.060216904885606604
0.06124776633826694
0.06006845938014882
0.04046622477970172
0.04793219440965831
0.05742769478288551
0.060118588734648905
0.04110497021286839
0.060141208034811766
0.06009497136478269
0.060127102900113416
0.06186206070699051
0.05483287227625724
0.060836793308799576
0.31642137207086846
0.039881991112294506
0.05979857473452715
0.0468769976412021
0.05790657334649503
0.05942852854011292
0.05058324453549989
0.0602299286825981
0.06178451587967177
0.061677000326869846
0.06001179495821628
0.06011296816592434
0.0609524057102682
0.06354577983238621
0.059581720787096
0.026289109107054887
0.0480033331684833
0.060246827874396516
0.05728606814848064
0.02824205063806755
0.05997625433067696
0.06027729307686797
0.04046622477970172
0.04046622477970172
0.0010690642530157308
0.06199222888707688
0.7578267727595545
0.05297683533959538
0.06171876904203094
0.05987048802205478
0.060378245074827
0.041354969772062745
0.05999709391457965
0.05993761226383692
0.04259044063709073
0.02621840279598314
0.05952788093819653
0.06009219501255263
0.058707763083312714
0.061671186125214925
0.04783839060255668
0.060276963554824516
0.060110549738501155
0.026359318916349017
0.06021114942598585
0.060271785368557644
0.05489036179747411
0.06179365677642411
0.05995184282776958
0.06026128663021047
0.06028643881447933
0.0601337917596087
0.06181944542080983
0.01811685389220328
0.059840480207694155
0.06012676295397991
0.060287063657636274
0.06092128513065107
0.060287213536434625
0.06030143882813819
0.06024127141487684
0.059395594769371195
0.060014719024949266
0.059046166192186736
0.060287103307007296
0.060255093056160974
0.03631261844847443
0.06027095786942753
0.060137908431990184
0.04046622477970172
0.05975823254237878
0.06027347721068268
0.07229070281212144
0.11928450169511834
0.06099652256627468
0.061228367856640646
0.06070712236132067
0.059609689563958866
0.060029192921544704
0.06020572338335139
0.06024619809188412
0.06027742811733804
0.05950252531105835
0.060075375892522875
0.4076520397072588
0.06028465035967277
0.0509831802193474
0.06014379558747087
0.1925634742619651
0.0597779041326459
0.0598707240368753
0.17858113409730247
0.0603287698899922
0.06009511869511081
0.06020344161871312
0.06006356647477591
0.04046622477921087
0.05078948138811973
0.06089920973380451
0.05864248752066437
0.060061482298901056
0.05968280945135924
0.061825951547085235
0.05188769181287722
0.06024736004930383
0.03669544726685672
0.05994291650833463
0.04918564102307838
0.05991459527228121
0.06148491401431381
0.06012066706677752
0.12196290038596788
0.05992944533799393
0.1299274847335421
0.0006825127199870675
0.062002767114556025
0.060096269925155425
0.06041646494853318
0.06025576160433236
0.060112350529237024
0.9832716537110698
0.060106709202545246
0.06140796134801767
0.0554396254946585
0.06027787576040151
0.05816297679362245
0.06025946074472418
0.05308290353099084
0.060466893264157884
0.060060457542876755
0.06009221333450789
0.0601520491766338
0.0602327361397525
0.06018554142965196
0.058467536202759095
0.0596949085618294
0.04829922848596384
0.060000853604640046
0.09453878954863848
0.05991877414011303
0.060845896697863576
0.06165087733377052
0.061950806966907086
0.06000182845930423
0.05888117263140209
0.05996599856916404
0.05979417884347745
0.05967763519182233
0.060080328577815006
0.025691435874035492
0.06084455008178709
0.08282906677663371
0.052826764674865176
0.059809848216223906
0.0600488268321649
0.06099503987171424
0.062012191082504914
0.06014135099682686
0.0618610227866431
0.060710611252459724
0.058724438697072154
0.06159515394093459
0.05360645549195912
0.060375489742041814
0.06012156275580124
0.059882237296797466
0.06106739490914646
0.059711823614799285
0.061695666421490145
0.06021080651017271
0.060587701023952716
0.059518740924830144
0.053674306138852865
0.059822533827214114
0.05578182141716572
0.06162795141992245
0.059741808786080444
0.05067250337982504
0.04063164777425663
0.06200260215253715
0.07318247652098127
0.0543964775312472
0.05328091780787821
0.06022378451304604
0.04046622477970172
0.061023689577084005
0.0602108509561653
0.059835873094658557
0.06031742534536108
0.04722599095669105
0.06102517974686149
0.06022798795599848
0.06002517914416185
0.05978378550780411
0.06184244930850169
0.06017426817086645
0.06236068884408228
0.06741874648401835
0.06008635693152046
0.05993101390829554
0.06031569231027928
0.07788345400543457
0.029721153766582336
0.02824625522775002
0.06007100238384473
0.059985879665066195
0.037334223699900346
0.05443828695029344
0.04670370649008063
0.2893429153628948
0.06007672337068697
0.059776027367037916
0.05950391431960457
0.060833554766847285
0.05991582980741641
0.06027177306818835
0.07816291520300224
0.03409177801379002
0.059744397929427706
0.059978466514507056
0.06005298651453961
0.030838600751287696
0.04226796624626754
0.06166321450448563
0.0600595948362909
0.06109562914708076
0.00800374945066622
0.026598423955805202
0.06027550552272637
0.05696939821496404
0.04313354162797155
0.06337440379590824
0.059091966452853306
0.06176146011874061
0.059464978190837244
0.06011830098467329
0.061905674758881
0.0306105487027607
0.06161949628355371
0.05959484049804493
0.05964272776377888
0.08606130538477218
0.060240793448591484
0.04046622477970172
0.061323439074546175
0.060243627802514924
0.06024282515518006
0.05951713034968225
0.06003735736985814
0.05984758470003899
0.060012945531322776
0.05665405118940847
0.06201673527361644
0.028416454578614036
0.060149643963700185
0.0689888073399128
0.0532049016650539
0.04188539891647131
0.061599467711176366
0.05907267684125937
0.0601346652949897
0.06004416988350058
0.013532345643594568
0.06008506358031854
0.0570834878228546
0.04984004364769876
0.05974680189977867
0.05986283124666499
0.06011821997910442
0.036997112930872884
0.028042859799518396
0.06023242873813858
0.06066579953202432
0.06178100314125007
0.06028706834689646
0.06027142639659319
0.05632484613981852
0.06004355711127212
0.057483603813849364
0.06024608909469004
0.05953626975212202
0.061948570092953695
0.059679179010258945
0.059681757041166704
0.039947212043251086
0.06125879877254319
0.0427002438841888
0.060209521661167
0.0601658912453127
0.06193767927888674
0.06028728938774446
0.06174883931567571
0.06009218310925631
0.06138666795372193
0.06199110422986378
0.0598481149589882
0.050338692286767905
0.06203134921185982
0.05985904820015205
0.048340297996541506
0.06014287730759842
0.0601034495282743
0.060042589929472236
0.05986419153576303
0.060198137710045535
0.055851162813699194
0.05865191114493472
0.05531292425834137
0.023845508827855036
0.06025370364224552
0.04184464608533779
0.06022984900633988
0.04046622477970172
0.05488849984575825
0.05148830623717611
0.04488976240089499
0.05949664378404321
0.05987273300894007
0.06012730195261524
0.15851422216467084
0.06186916783447632
0.0595990364698253
0.059421107047786303
0.0342274390907547
0.04225505728008356
0.060147035723900566
0.08673407525090278
0.05982738650546621
0.059913649609251676
0.06001843116956057
0.05938303863506892
0.015932395006760823
0.06142923402524459
0.06009987246417969
0.059986129125315056
0.004705216630962753
0.060151222528967534
0.047268364694823
0.06012958374237155
0.034100388671554
0.04998629272734421
0.06132167818813866
0.05991400115136183
0.4172027997341141
0.05970424136035485
0.059976051206548024
0.06009895588716216
0.060221910832861415
0.06340149659733402
0.05945551425580586
0.06020508824807769
0.0619657290321869
0.06102574034987651
0.43688336922136883
0.060584278158860236
0.05976246881109967
0.05996975136127442
0.05995697300002625
0.06014508116042385
0.056468009436556985
0.06187517381283411
0.054274535305041324
0.06189911501735552
0.059475555043427185
0.05338189913378817
0.06026229494733992
0.01685633057342914
0.04130743311851067
0.06024326520156835
0.034840390840458854
0.05956205116651485
0.0597250742267112
0.06013716142118601
0.07130420835487176
0.07896057751552625
0.06007216343062248
0.06007128277818408
0.056311226884986666
0.06024748763412806
0.060153318254385496
0.0599746345817203
0.05982088345073765
0.020608812926762046
0.05946919347605337
0.060137597853999414
0.0620225928325944
0.06136035497768445
0.06013497774191445
0.061827172621303765
0.06187107235125209
0.060308339006143935
0.06022124371570246
0.06038418997865912
0.0538612809355213
0.059953096271298294
0.060003449598709326
0.015501290357910018
0.06046208402888363
0.0602570743383375
0.05129573218202383
0.06024324589060068
0.041198375846030096
0.06151503136297404
0.053487856826000005
0.039215739700543595
0.06028748102545184
0.060135277730574276
0.06154388059390757
0.060135614085172324
0.05513968020060997
0.05981109032145177
0.05998466035285084
0.41090510120746876
0.051145117511228334
0.05939694316174761
0.04012294691009919
0.06011053211240235
0.012374174455143473
0.06109651072335806
0.06007986678332829
0.060189765476878654
0.06009897614350641
0.04201380213925778
0.06643253605078712
0.09055801169921258
0.06019568175759596
0.061931637372104956
0.04313964260450615
0.06043684104673858
0.06012820231264527
0.0598300362437906
0.058552932399078224
0.0502952120543666
0.06000782771630071
0.059517389358629554
0.05218219673367273
0.0598704475159214
0.031645162129501775
0.059697240942618864
0.06176154421377988
0.056050294936092114
0.060012190690849905
0.02444176907155725
0.05448471860682088
0.033891572627578734
0.06024412627382272
0.060253232619839156
0.060243770265658414
0.049281183179320114
0.03428390396385044
0.061951197572452245
0.06008241299024648
0.12452894914868573
0.048634124010552934
0.05822247904428635
0.01637394054261669
0.060104911739839756
0.0468360868696956
0.061995500101063354
0.05995479373787019
0.061235143571273236
0.06010491717508692
0.06201850875046109
0.057163567780752246
0.026105268596187416
0.06138787601405967
0.06028705886438523
0.06685552749622449
0.0608936223957466
0.060487400627229335
0.05508555399505799
0.05940608388911184
0.06062993655957117
0.05982224434403202
0.060040531954592365
0.058026671615296156
0.06015298799344775
0.06186761826017778
0.05949511887776611
0.04046622477970172
0.0597857875247103
0.0601338117412815
0.060260906009816276
0.05969625077984365
0.05725159809816919
0.06159914613826028
0.05465650672997504
0.05984242009120885
0.060231112302967946
0.05978380189509677
0.0013285152437578344
0.061940509897301745
0.06016098471076387
0.06026950325844606
0.05679536547303134
0.06011277282653098
0.06138208112621334
0.04464804171991211
0.049381173525262216
0.06348566906831295
0.05902706458687853
0.0553142107709959
0.06655422694398105
0.060995735806293284
0.05350536941831778
0.05281260206556681
0.8951254930153677
0.05817890477934261
0.0575695068760477
0.06036104451282917
0.037481086532950944
0.06250679687558923
0.040794786209149954
0.06086471518008518
0.046730772096562595
0.06292446188839126
0.0525956824185725
0.06383820124431384
0.054717791563603464
0.04675953187477761
0.062414561493029756
0.03316833084011725
0.17674926260804052
0.04561458440307911
0.05402076675539754
0.05336003896780599
0.052950009114899776
0.7721564625395904
0.061241183748412704
0.05294983379224147
0.0529496644742685
0.04717506486057052
0.06142748450410022
0.2383898014134788
0.06195311164826675
0.039715679590852274
0.11053044957485376
0.05235583946497187
0.05213214800179338
0.05758063267416871
0.06427428334255428
0.05038087205324902
0.06049917871294039
0.06591122120943219
0.0625076833440278
0.7194280763954389
0.05772773568743612
0.05492155261624174
0.05965709161972935
0.042004025806179804
0.0678778426197745
0.8543597479523508
0.03264256306234091
0.05543894764139753
0.05604614407436863
0.04052818328442812
0.05048740405900347
0.043375371497467174
0.028394778413433543
0.05691305904656527
0.05927482791089568
0.05201797993874608
0.048710920003393735
0.045269560243060655
0.034701676888923644
0.05873975864783229
0.049555066373670784
0.04427899526021784
0.05645459859745513
0.07433172415841414
0.04153884949354162
0.0615060689935526
0.04053339891463163
0.03956456332562717
0.04904039425017146
0.04321688354255276
0.03155766483756549
0.06168659236980963
0.06106854013117754
0.0448053811343135
0.06139441932330462
0.04236430887149224
0.048714077224022476
0.04690503347562997
0.055834800328155784
0.05294918649514872
0.05720367063319289
0.048994325181304775
0.06547509904081608
0.03893334978806813
0.04979257437757636
0.056782882972633696
0.06549191479058059
0.05134979375789131
0.03859690405172732
0.06053735152925522
0.022883193517655154
0.03666410864078588
0.6937022685798829
0.04864507907975073
0.052189664196686976
0.05447466846763271
0.049897232799148594
0.05762043570436516
0.06342454927741277
0.05554460146214701
0.05621142960943603
0.056694514567964746
0.03692744823945567
0.05707539759438218
0.04441581848149375
0.04131326790182895
0.05363760606972086
0.05790836692888254
0.040466564642339546
0.05678748453019541
0.05962231566430896
0.05408764041209112
0.37771946251985117
0.051897302145583656
0.8266705531538163
0.05821411480057929
0.05962099650480641
0.032896326702843676
0.030220469614139243
0.059601738834697514
0.8752466481989951
0.05152661359068778
0.046743889944079894
0.11567839062214083
0.03475472594147077
0.04315292649146937
0.0615635133812136
0.5253845416740561
0.052912329169734845
0.03887261761115722
0.05687369328409645
0.04789687510323138
0.03046650117409679
0.05562166338183414
0.049381203828979245
0.0521195415883561
0.032378445482616786
0.05824057482436315
0.06299578119635521
0.04046622477970172
0.052949959405083555
0.044343566241527174
0.04479170286096766
0.17606317541087133
0.043314874546269734
0.05497686438724131
0.05910132999501526
0.05952733780085016
0.02877835120890926
0.040509991696838485
0.05056642136309633
0.05779544746201824
0.10411800739212432
0.05310542592737918
0.11739746634991358
0.0665342626600153
0.0526442124416337
0.06023605453954397
0.06845184070415046
0.06487277105251052
0.04785807252716906
0.059167213719834785
0.053680816358032644
0.0450378032930827
0.03129353672841348
0.031162898161750757
0.06475259982345041
0.05232215647473687
0.05996266054261063
0.035859419729913425
0.02999851700825466
0.04512549479332226
0.04046963199721261
0.05625818225170509
0.0647695496854102
0.0348592236574135
0.04819924479659321
0.05802629815510113
0.05002015323781213
0.12680123239594893
0.0657310778075638
0.04886145435864905
0.055692707443121596
0.03646132547245194
0.03306726774625575
0.05470126312370477
0.06615411780881687
0.061294348820838354
0.052949810338453036
0.04298853019360664
0.052949328875027804
0.06364939204988845
0.034654647999302325
0.03336484011141637
0.020461993027083687
0.046527009098512755
0.04639059242347541
0.047897740484788245
0.04967048307240016
0.04280037294571718
0.06501285685645104
0.0471134952823059
0.06322179354118203
0.03925775010905713
0.036868767923598826
0.056983239592173614
0.258979937147578
0.06268033615059315
0.06882079621323246
0.05172739141131639
0.05240662584775044
0.2597184573174714
0.04530692985899489
0.05152015777857018
0.08719256595171412
0.05259797719231047
0.8822332604951357
0.049107713148033465
0.05308739348876055
0.04940202485164646
0.0596971097894546
0.028670792271095032
0.043910671013142624
0.04299451013632724
0.06748658881832809
0.04933114387706079
0.05322723541887721
0.051578983458494175
0.050055855221382214
0.03590560426325776
0.045875722669126144
0.040495407889186395
0.05071573472782711
0.04209183276812102
0.05077182690167579
0.06006693630143024
0.06158310093892252
0.05856553666282611
0.059561640705801486
0.04713560351041255
0.056323655066662225
0.009634596808459744
0.060228751433203
0.08869120420695253
0.061809297010053506
0.04183534803220247
0.062025935259705185
0.05412584970495305
0.06090807933376591
0.06023374159556575
0.061878094657373574
0.060130242958920485
0.05038907863248453
0.1802344729461702
0.0594507670375387
0.040466572783147865
0.04952252707223092
0.05218132894087103
0.03489254341766139
0.06023796944126986
0.024828037668420535
0.0602235914388977
0.05983172095555661
0.12444853108887168
0.1674390241699978
0.038859481438273835
0.038458800164355385
0.060709742469338406
0.060201773852029135
0.049046747382359056
0.03547751702890202
0.04289232651863246
0.021378749552293394
0.04487361907529163
0.061902955887448784
0.060072518305398885
0.05389075996898587
0.0007117002806951574
0.005663340432898866
0.19823199198841313
0.748537827870502
0.06002123473498925
0.04046621085312049
0.06002772757145409
0.05977042899270177
0.04742548270425679
0.060028275883546485
0.05599297699367803
0.034966429909384776
0.04258657138257207
0.02215892234936932
0.5801724861694011
0.4452658651290618
0.038373492030530136
0.04595518380965824
0.06133008382386501
0.058323453106955914
0.0494629402418331
0.049560551810976045
0.024837163690615446
0.05953944996900005
0.059599237207635616
0.15083547785848556
0.5333276221929183
0.03803550846238143
0.060271121128054016
0.03418995952280802
0.060234005547283954
0.03527344691854533
0.060239134988278834
0.05958255902224015
0.014335137893056557
0.03997244532141368
0.053036826609153855
0.05459854028317055
0.06001723063736726
0.04976438995800414
0.05836609201474817
0.6774689921342578
0.04064330892113676
0.05444299070180413
0.049303766821762976
0.05527775151117526
0.06012781611854853
0.057428389788469425
0.0498284646439939
0.062305978577296105
0.06018221551857946
0.029734206669944307
0.053528526398093024
0.027996221407915307
0.05937815926541931
0.06113306834335173
0.05982327668942903
0.045211934539771015
0.058401350085098905
0.07145530397051586
0.03807999795395259
0.05573653687834584
0.04374757814749671
0.02806352755850039
0.03690523791282048
0.028057244957997923
0.05093142124521795
0.038939099082018105
0.059964494930590403
0.056284460923475596
0.05878411994990712
0.056595149329062594
0.04743564363822987
0.05930495306114428
0.05904105987477539
0.04663771508497434
0.0515948266209667
0.04046622477970172
0.0308135398514876
0.055423149299029806
0.048872001428746946
0.056129873458959846
0.05159419028869999
0.051279155650973005
0.04046622701545215
0.053165734865223316
0.06014279308763262
0.05336131768940348
0.030466271989967066
0.332397415271776
0.0593774486962944
0.04978038634891331
0.048883461563827516
0.037438861085614485
0.05108486951830523
0.07140394506501758
0.061257938796049904
0.05385663988938016
0.04775660290494676
0.029136393040251948
0.04593310810975493
0.04046622477970172
0.05218314322741099
0.04046622477970172
0.05128852361743498
0.05112339316021467
0.05930011072817428
0.048452343724592783
0.04761452211753817
0.09808131863639659
0.05397881754048086
0.046828619364226616
0.04619160333788198
0.04402691100989771
0.044496198265705354
0.03775610560087112
0.060233242317488764
0.03782274153770433
0.0496257661212147
0.06085668638041286
0.060293264675163584
0.04401962761528587
0.8319764980531064
0.04377276711735442
0.03474611539057235
0.06184928481497142
0.04046622477970172
0.04046622477970172
0.05957070876453626
0.059631328632421446
0.06022412212238398
0.06003985050175717
0.060013524961116435
0.06095677827330607
0.06007791184875643
0.059647709344766264
0.04724417853723414
0.001765143260856993
0.05101979103160044
0.017677292335473223
0.056227692036270954
0.06000161238371077
0.30173079985326484
0.06009884581701814
0.059873421031686996
0.06160623273156462
0.06023948258308152
0.03917474430583019
0.06143024838567548
0.11818915018587665
0.7414562539856805
0.06017973843767372
0.5371403095126875
0.06113278663665149
0.024073570515869523
0.030502770078683454
0.06027781467076845
0.05705663512438179
0.061835564478480744
0.06012254208839628
0.06013230495400563
0.010300999794606344
0.06030462155770797
0.1344666715943158
0.05978525573177041
0.06199928330031723
0.03517572231937864
0.06169853013091443
0.06019404479798141
0.05966359673516251
0.060072805349537454
0.8670578366972095
0.10157286060614591
0.06172853607617658
0.060297190894875084
0.05990742685394693
0.06003518194054797
0.06011651965662241
0.05976607671723696
0.1076170617711736
0.06009397698819258
0.4126643262711664
0.1954768471084551
0.029495898234843464
0.06194552718494819
0.0009700721302042791
0.060066580663387076
0.060986984617057996
0.04536273012627044
0.06185698136931714
0.0610327612997831
0.05997281363299271
0.294615618491035
0.01683494939776185
0.05988956530600983
0.059843436838599814
0.05876819344158459
0.04021850516138665
0.05993396844524783
0.06172457122238643
0.06006563682769843
0.06090144519029824
0.03561692376800347
0.06174401699738881
0.060254199861529245
0.05984104616744522
0.05043360572247216
0.013890051313554433
0.17744355195807754
0.059789828726930165
0.05967702536372126
0.06022298455282473
0.05275565242715041
0.059904217882932966
0.06158554641169741
0.05832671108774961
0.061602829462441645
0.06013322273184904
0.05445594628647204
0.05966099979166034
0.060172935427983076
0.08475527772876212
0.06003197030303947
0.06164360360586555
0.040543282915716974
0.05945288034390959
0.30903834951664055
0.05990451095594782
0.05958032892669813
0.012844353319000546
0.06013606572429115
0.04289963206241613
0.0598475429764657
0.060030386636093135
0.059988168844754795
0.0601405450709666
0.061744473289057654
0.06120721011183926
0.060009725478674836
0.05970948540690424
0.05993608067224655
0.05971023144431926
0.04513091081405292
0.1259940262902733
0.003582081968262942
0.061302244219954026
0.06007943894354271
0.04005336471198653
0.05762138343573495
0.06024993777750625
0.03519878486375043
0.12590905448221942
0.06185805408142577
0.06011281019602845
0.059378326185373136
0.05992886397419134
0.05962615608636989
0.05153823269726632
0.06022604181940852
0.029733218645488446
0.061620887344406926
0.06022920813010596
0.0598099072997455
0.05961035376428295
0.059973763418211465
0.06023146252137392
0.05051737560306187
0.05990031483553526
0.060133894563357264
0.06153020632652478
0.05982076081938919
0.05943524291039884
0.1943877464423522
0.3778628934513008
0.040466051224638935
0.06009959806521392
0.03855018398471702
0.05974995875269248
0.058802479386248725
0.0616604177227233
0.059925188817912416
0.0600593400135093
0.059967993100038225
0.028443862047934063
0.059989114114530756
0.04363874338744153
0.04046622477970172
0.06023163380386328
0.2608369982030947
0.04305479504852114
0.05990389951147974
0.05998187644242932
0.05997767966276142
0.06123787996906067
0.12248668397728495
0.04279361002578926
0.001529110845432369
0.057875390319381874
0.06075909104048783
0.0453794682838221
0.06025837332090544
0.06191379215985362
0.06007148407660955
0.05442204399079797
0.06023648296760625
0.059447075746784095
0.06132237898381583
0.042057753307775024
0.06153454372086926
0.05957081697116089
0.0603786406207562
0.6230682639196214
0.05990550437029802
0.059959201960377476
0.059582643929527994
0.024041791601061242
0.05975967727499345
0.061354550864373365
0.04045052093532415
0.04046622477936227
0.059495976035047436
0.05984057976485936
0.06015644186578111
0.06016682061927957
0.07187757039082844
0.05977873066284215
0.062022311302859456
0.05997579111623118
0.06187636444544313
0.05506106846975187
0.034004128028784525
0.06024610121803238
0.05937833221947464
0.060108108495741226
0.05955175684063385
0.06009219673198629
0.05662967260286146
0.06023256124171352
0.060165642903296415
0.06017697841264581
0.06014453613551628
0.07359729586308401
0.04046622477970172
0.06109027448213234
0.06023406788795987
0.05930557284786176
0.07348993263987294
0.2861369748629763
0.02426191689378252
0.06025800183265136
0.01640274142304981
0.04046622477970172
0.06139212062229822
0.05489826050494057
0.06025195808892749
0.5664475378556592
0.03331701162491958
0.059580248530728616
0.05995513809745662
0.059792530093198806
0.04046622477969301
0.06154787565915193
0.059932972617721396
0.0597998928638296
0.062020215466350614
0.06401954873115137
0.060152157314605104
0.040078137499100115
0.05943676899900814
0.05413637904767526
0.06197781735702813
0.06027320737813317
0.05968062126732235
0.05995565560593924
0.0589641038276848
0.059718073045020456
0.05990315787574732
0.05998561387985489
0.005888145171590578
0.05986104981420884
0.019539990409483694
0.04027347673673466
0.06138412416388459
0.06026050747247303
0.06024972583908054
0.022793338830894426
0.14321401277506632
0.059893829190748815
0.05980621893879388
0.06012730095650002
0.05488502251719028
0.04247500078326269
0.060198983650906084
0.06188537866400114
0.03272534027767399
0.030595792473863508
0.0614340143113518
0.03985393783828018
0.060235093484056916
0.061086607013243865
0.060943539003146946
0.03324311876092499
0.7113907791208605
0.06005336608113339
0.060215364202805294
0.0076449389622941025
0.06089905303374373
0.033014094367519904
0.060142815443907746
0.05983252531759576
0.06008169586138419
0.0600762318811323
0.04833185953732037
0.05948904267230225
0.060047421513143864
0.20197451900174762
0.04030947703983949
0.059800806098414636
0.007483360983426909
0.06050425825299705
0.05245926909532241
0.032858467344677615
0.059818504570839065
0.0598864323654526
0.004181340561231557
0.04044624009171985
0.040458793083709414
0.040466217288367114
0.06023347502090719
0.06006690675303459
0.05999779379206335
0.06023227464748178
0.06022694259036243
0.059515762357636434
0.06338680840221993
0.06128270916490373
0.05938943826256639
0.06023029442996033
0.06023014835232074
0.5159466265870666
0.036051968116805166
0.05951978211401053
0.05991759625691294
0.05962467533230907
0.061920776555805926
0.03572774985882175
0.06200886806836827
0.04922583503934512
0.04155779449149771
0.05386028301578071
0.06018602028318507
0.059945272396618884
0.050235334452967496
0.06195980672652882
0.060081774323927695
0.06004465566896499
0.05994545414026441
0.05444729048528739
0.061336316424811695
0.060032025099345965
0.055768165616626904
0.03319343130506713
0.011630365414311571
0.059989422537390404
0.06026081332549477
0.07849806871390433
0.06870370700766244
0.059779542266637765
0.050971501977480356
0.017312360805179887
0.06002507147284845
0.06140540366302635
0.005823873411416699
0.06000188865781214
0.05834473099356904
0.0596710979192404
0.060238442451451775
0.061437381566988636
0.06006554911213763
0.060069629887095424
0.061876721189209796
0.061860623439964506
0.059435783209877094
0.060213141414943085
0.060861068664035074
0.049495386018555805
0.06001556876640648
0.06019612682971467
0.05153994119995107
0.059548768223099284
0.05452215593927181
0.060163669572716315
0.05178872756533646
0.03254065843436323
0.060188349206639964
0.046852883396710766
0.698729156861305
0.044530225486751625
0.038735610803149564
0.035320381952945755
0.061284564901258755
0.059791134531553075
0.04866652352797301
0.06015516958880216
0.0600294593713009
0.061499025304543826
0.06143278910823899
0.0832539943562909
0.05998501462116882
0.3352198030262822
0.06022184773864122
0.0596364911058548
0.059717575849640006
0.05318344357957062
0.060020355965295355
0.10709613673546457
0.061519683437265764
0.04872931641982395
0.05972765321196137
0.060149161278820786
0.06201045131129693
0.053833060218703335
0.04942715997081363
0.06153944831686636
0.05942053822455621
0.03870090690842882
0.05987294280453807
0.05940991312653426
0.05962936627401619
0.061755294521572364
0.06017795929760066
0.0613190993927013
0.05995760016279038
0.06183382898503278
0.059589519439650226
0.06004575447449419
0.06024759258913013
0.04233225771814798
0.05944240743397711
0.060062662798467614
0.0561675554660394
0.06021202598831843
0.34057104383993086
0.060041112715389845
0.27193772224366913
0.05403777643502373
0.06012480390946247
0.05993614945930093
0.03514994217399382
0.04623890163339138
0.7879813121645182
0.05973756480458544
0.1169687711021595
0.060105653506464976
0.05997842632494252
0.05982779076898484
0.036317949483365836
0.06021946055941015
0.048834270764711106
0.005707357820530042
0.060164017121649774
0.059626247007911116
0.0608056098398934
0.059856658928343236
0.05991196950678014
0.05976076777065554
0.05686599890460626
0.060042567474776244
0.06147913784797822
0.06022173100372048
0.052127665724184355
0.024914856964258016
0.059663117420655644
0.06097425217632039
0.061253388568527196
0.005794767661787213
0.0057493560141317224
0.0018037026226028678
0.05977357231153027
0.059791414931761565
0.06189622983465004
0.049899402176200446
0.02935403320034283
0.0274182818485008
0.060070422309400115
0.05981803678722857
0.05367399454702479
0.06003567034664128
0.059376582677900316
0.05283507747816137
0.056919343633566606
0.009022120943171985
0.059134229271058894
0.06003378790332509
0.059651246609684974
0.05974897619991716
0.04439739870077327
0.05984626878955707
0.06025737561219463
0.06160181140447919
0.06010437998250506
0.06015971573986276
0.0073593321032502
0.05969845776195398
0.05969382941825303
0.059941636685198224
0.054613570955178194
0.06349749397698827
0.060198839491199696
0.019119995078280754
0.05947403963291789
0.03057579091352011
0.0600529821080928
0.03669210079966846
0.042685792770159596
0.7527102926772617
0.061152521702636777
0.047383354346017814
0.049966816885852895
0.1279256057377525
0.06006393825314598
0.06005430966144074
0.013937205872062748
0.06019589299028456
0.059560298114336066
0.06016227144926048
0.0027024874660493766
0.06126234602998082
0.06529198290861297
0.059990729265275725
0.06014241652522299
0.0599101421330699
0.41314615163674284
0.004120750075302544
0.04046622477970172
0.059896713202772636
0.060098929004805665
0.04046622477970172
0.04046622477970172
0.05987883020438643
0.06000044938293357
0.03417840915701999
0.059626779316407766
0.2834623963198912
0.06005617999693466
0.060263574113297004
0.0639021166159561
0.07501072639248178
0.05329881013049217
0.05990104042960325
0.049122832636699226
0.059922610478563884
0.08072122313829085
0.011119930617640598
0.060063911564976556
0.06012933727072586
0.05965135406970086
0.2629641057356547
0.06020294874564094
0.060087472773674495
0.05997486544215913
0.053539980017499926
0.028591204993950205
0.046040192594072986
0.7635977987989733
0.061275695433130974
0.0573235781302114
0.05658839913807055
0.05974501812050782
0.0599224225629831
0.05558925967767422
0.022981399690281953
0.04397486039417151
0.05966158927447594
0.04798431633862546
0.060059446482099
0.06028910876872911
0.060293394017565304
0.040465384751213335
0.06028992714609747
0.06030330674560619
0.10380965490504418
0.06113047085823851
0.06001550502272309
0.09120525012354394
0.009349330784494377
0.0020303085841071006
0.7910539924668503
0.06152882061460227
0.05984857068261017
0.05431782502870095
0.061826508332839404
0.0598705786209692
0.01317060462170631
0.032666396713098074
0.05968013269499331
0.060222575661090384
0.05981768023345201
0.060496585441475945
0.060227291961523745
0.059553030065749205
0.06111848898107369
0.026384635160219185
0.0546416867034975
0.09925101851504371
0.05815874256220522
0.059957859497618414
0.07878557323664234
0.06013958208081979
0.06001362553535808
0.05975650800822284
0.06008993183905128
0.059227141390312085
0.01148908560638834
0.06016070674831565
0.05942261169726786
0.05996426736915298
0.059502166309017446
0.05998880224914237
0.06001629380464228
0.057273905495573534
0.060020084545210274
0.05975048046685981
0.6475927494898283
0.059580584877584226
0.06161915882729473
0.05947076520317422
0.06004607260999918
0.08381442547025914
0.06023725045809427
0.05979057886132952
0.059910894558658445
0.06177706191915054
0.03913833930334314
0.061984386253605195
0.06016579394005659
0.057475299211374536
0.05979839513032023
0.06010391586401485
0.5953718945364102
0.060465582465560254
0.06140989285380899
0.054504355711911645
0.06144545469538158
0.06017812433074788
0.05456661668297663
0.059886076918599325
0.06019083884836248
0.060024233371681855
0.032567672540739015
0.05875936260544059
0.059466624904549334
0.06459126805716624
0.040466224779482356
0.059616476986879906
0.05998420459380539
0.05966390471554738
0.060068290187588205
0.055366790028142175
0.06001946161918059
0.04578288330437108
0.06018562706847683
0.059821464326584285
0.060284282841841785
0.035433884745662635
0.06038513001704591
0.09103554387609478
0.060012683687825724
0.060202519324850975
0.08484761724719132
0.06002817244492696
0.05942077618621742
0.06006501530638434
0.059885474628111945
0.7013287813668745
0.0599032512964193
0.04046622477970172
0.010925151733529323
0.9340652476019474
0.03557053024177091
0.7547987468516524
0.8857434735602121
0.06138180156575802
0.9234949656407111
0.0064902124830819195
0.05999745463035427
0.04784813598586586
0.12800052206304097
0.8961566362543892
0.013260629931756925
0.29175292644501255
0.46801291612564067
0.32845544944158156
0.005548710540312533
0.9285731251927274
0.0632722457144917
0.4123514509465304
0.03379309951252484
0.8071678705664018
0.3560647146407431
0.8676562182406776
0.8277819487565058
0.9099332648421116
0.43636912217392126
0.07256849772539267
0.2025917325186758
0.8419573822824459
0.06432608225218303
0.778040965023209
0.8204441808145968
0.05154754586628978
0.09609842340421165
0.15583291027476476
0.5638468751340442
0.0720395671342741
0.7747071811911035
0.05009475498039113
0.8173938393172872
0.06256082159081017
0.8099344666166013
0.039773287665553644
0.9840138641089686
0.8689296361130767
0.2965430492372574
0.061249334843981366
0.33407738634657624
0.7834740443202384
0.2284000629000853
0.4496389740416267
0.062171685726317406
0.05965686803525787
0.02687414157128827
0.07406630403029606
0.03247315838036357
0.2617157492581327
0.7464676663583586
0.05996675547719897
0.2602582006664118
0.06131245391361587
0.7715833123979086
0.06024312134019694
0.06703584484309076
0.05039392458147954
0.23198054718543887
0.02772395989667363
0.7907449525939748
0.611332652394795
0.0541815936478222
0.012682982642856796
0.20509067071945722
0.065143110750271
0.05316758299304947
0.05925229583556178
0.040697661053707104
0.07603090281005993
0.004879000519209709
0.5483599188335976
0.8506576059478339
0.14533596081653852
0.8508593058188446
0.7498106050817945
0.9093791848489879
0.07607410730655263
0.7855374848266181
0.7475228937013738
0.05998376622624663
0.06178879583723695
0.06195445260260051
0.101846195682233
0.8505456572918261
0.9372704063154315
0.0035572119275624333
0.04046622350251835
0.5130964588754884
0.9476577941352281
0.6619505478128576
0.05852557083821577
0.6491902792200791
0.06169590514028564
0.06717415868561398
0.8940840582597658
0.7807288696897033
0.7989790563557143
0.26356662385462015
0.5223123022028217
0.11703550941408525
0.06758102389534971
0.8185406144184878
0.7112180710366477
0.060152823220534724
0.0037316452765292205
0.8241720677457194
0.27063181937465514
0.729919710385015
0.06065254545077317
0.023396097933861916
0.0102821951601018
0.06443053476664606
0.9135894315753005
0.46197035582236323
0.6608210905103612
0.04046622477970172
0.8700933764089448
0.0432436876651291
0.04046622477970172
0.04046622477970172
0.8287655146529223
0.055019869499367484
0.06683491761352597
0.07072799161855722
0.941228254541351
0.9678793279913327
0.9487785370753359
0.25564779523190306
0.050222578557692604
0.42619997613101623
0.04076063348530985
0.03777741138862333
0.10917648760343934
0.14180197561230526
0.6705587183451803
0.3058843127004161
0.379865635172178
0.05989034280453407
0.059369867866459924
0.8208007005303914
0.010661469224681874
0.0003917886227508572
0.0012254761121508048
0.8832696838830925
0.06334217162712577
0.7915567382530215
0.07573890084289059
0.8133186033216507
0.11149236808174758
0.2946252598573952
0.0011822240609186542
0.15335636948451617
0.9404089350977846
0.0068187944467211995
0.06637865859114724
0.12273454061968007
0.8921751113096932
0.74955019670064
0.04046622477970172
0.04046622477970172
0.3203212585109554
0.7824904404594119
0.04046622487347903
0.04046622477970172
0.04584762043752051
0.06193607405274562
0.06022032868293248
0.867148591319779
0.05360673002018418
0.9631939091770886
0.9586623985997605
0.0633623450725513
0.12416443311401966
0.04310790831284132
0.8652160005785351
0.04046622564357777
0.04046622547070996
0.079098740482121
0.7987030542820569
0.8891899028566415
0.5
0.023561483923393963
0.5943915302482575
0.07186051711017981
0.33880499431813216
0.05969645288886453
0.8447894361301408
0.05078882866616794
0.20599585342146481
0.32110280673251895
0.5200539112794985
0.9295028250361489
0.06134932820391229
0.06007821549694547
0.126551878542648
0.10112591353522374
0.3535264199599802
0.6473589363443825
0.9395567377033384
0.9275487562713353
0.1198743442143389
0.06018421090570412
0.6183105497738388
0.06004176010790573
0.8621999239380632
0.8506210528926207
0.1492629709897933
0.059539515725114116
0.06021987341084266
0.06001697351433805
0.06907987386657218
0.18469322798057938
0.26174628138168415
0.6320009511429973
0.8002683664659229
0.060807757949824646
0.7967090072483259
0.9415688188585204
0.09322037774496326
0.4659164511910847
0.665037293636036
0.17136979871225347
0.059582617181269594
0.06810689588530157
0.2882580403485802
0.016821680384256386
0.7948722970578548
0.9268974153291776
0.1103880860975113
0.17549834034073278
0.054319221539791164
0.8573888066691024
0.057157679662357526
0.9630834235409235
0.394816624041689
0.2738595408481053
0.6714238483082369
0.059734209413620995
0.011001971397147701
0.019673957899694585
0.644547384822085
0.050833619800181355
0.08167953580166892
0.05444209174009078
0.8352466625001095
0.8220856084001321
0.6169338169880435
0.04540094746881985
0.05382666088687806
0.8976916031843949
0.31718407635436924
0.21184957660574286
0.05844082642565026
0.1394891656054546
0.2308707445196901
0.08813572869125182
0.8342022042816711
0.8665169076446567
0.06377804649865486
0.8616004642928101
0.4178842254769493
0.0661343181111274
0.029157858222581517
0.7261698020918652
0.024669793468782012
0.07075837345869342
0.8990943646986501
0.9519433683683829
0.012711518936947113
0.13410938264570738
0.1006087467508159
0.6460008777773153
0.7670311349997989
0.06639490306361899
0.2009341358894043
0.06043438233072201
0.8542601203967315
0.0738611117720163
0.11397555006248618
0.8980983823123528
0.06025124611950431
0.06472087449366942
0.06321450580763772
0.4527427558315477
0.575338710640346
0.7272078701280054
0.2901405543174917
0.7835525519890246
0.34344333629701784
0.04046623882894842
0.04046626457284118
0.040466355565450786
0.0590821565884551
0.9777251547733589
0.06023159722774522
0.04046622477622761
0.7962344673684283
0.8314396516351468
0.0600498639099607
0.6524713170651244
0.8444643707011328
0.8624887428821979
0.36809211488010324
0.0599102735442291
0.9360318664027437
0.8506872917322379
0.7775592854545127
0.056682741654236125
0.1190635344814132
0.06841742164068024
0.011005048772650785
0.1157496587265603
0.06013930368949843
0.5
0.8600458629710759
0.05995326263694733
0.0602763440139077
0.059849892707719295
0.8768174024729614
0.7925397098701625
0.00946348295332845
0.7108685002234626
0.07164583650584845
0.2673546850358819
0.264883322133566
0.04190168655390562
0.7853351873219475
0.2865694269878742
0.7740006980146316
0.059544630644096125
0.72662973693086
0.060117023455193715
0.05970716242659876
0.052564563394368186
0.7824224423233401
0.8707693348022307
0.35231786028632034
0.252696727087123
0.04687918211269505
0.18057974708011199
0.4565307591993172
0.16560143448787015
0.9528017204775726
0.7784585423796255
0.38247674966193035
0.7379752184115727
0.06112725404595171
0.5588680576700391
0.15300939888236398
0.8146016959979013
0.7966063365005323
0.2353340571262209
0.28243843234194804
0.8624937542785279
0.061870783330606305
0.125432037584146
0.7206790192128716
0.8518229320434693
0.06019430426372309
0.17933440287911395
0.07200620354089578
0.7732374836460094
0.06914013291479854
0.09112474414863467
0.06014434128799685
0.04046622477970172
0.05438027552466649
0.3186586550061854
0.0032809575356625817
0.040466229677116564
0.5478408623944578
0.05872462421907441
0.12645928830757938
0.06134865340783054
0.7408344880416181
0.04710292376306548
0.3818779840549245
0.061948316036716446
0.023975112169292906
0.1769539441273194
0.8568029249269521
0.39081500738618563
0.13600546129364663
0.06353286527831231
0.06004617998891763
0.06009992636108073
0.07580685684041064
0.7139902305760659
0.05622716880778302
0.0603411237735274
0.07404595080163943
0.026238249891079184
0.06012258186580708
0.03752226368153808
0.060022435200953336
0.06013894746423342
0.04492256614190787
0.860698792764929
0.05982182936529357
0.060260181488519186
0.7223161140021237
0.9778140061275022
0.748113402820977
0.30915946045379245
0.07128773136094452
0.06611614025365178
0.045820300787024586
0.8050595096074651
0.07430081361613346
0.2689694616155922
0.1483065575516557
0.31412247221179573
0.061071965159861415
0.17613720299369126
0.060217229865968516
0.06021301374734069
0.8857414041294305
0.07759541314037763
0.4399035169075658
0.6292472657583978
0.05878732413020358
0.3969987841116944
0.12774090773062904
0.36434361740960836
0.4120477171328943
0.06193961178306485
0.7927216010845071
0.5515794029189611
0.06921573724733802
0.07142227470532599
0.043075199670922985
0.2619034408969524
0.053101632531458706
0.061790410888041936
0.05961984111352192
0.0665207446844678
0.46887177164002447
0.8219745000752674
0.10707390209651457
0.06914876735861877
0.06003735188825582
0.0599204193961054
0.06198833619021522
0.762900451217123
0.040551775572551116
0.06010514286915816
0.25820105941894816
0.7796855195876042
0.11564572883859736
0.16635368265023118
0.20480306551840707
0.6351653366619853
0.040466100160397867
0.5183377344235893
0.7850164837213163
0.0597686893222099
0.022270566927830172
0.30652410286360754
0.4337793780533861
0.9303574879988112
0.09260288256395752
0.17205567170562425
0.8919777304908969
0.7078058599471493
0.04599143880887212
0.07724219462609899
0.12457359515123106
0.7407674224351093
0.1946187246326088
0.2530116586040884
0.06313130288476547
0.03976151323705395
0.0517890021841132
0.05866194268924218
0.05890027949505318
0.05256134337444758
0.06176475764455425
0.27867972753797293
0.33499878758220086
0.1701116805771739
0.057103757364744996
0.0379624795719071
0.23537121949381584
0.06837506082890973
0.04726392681458128
0.07237366442629878
0.2769658871147282
0.8160048528874496
0.4707435392125061
0.07631315658809597
0.06163914046554457
0.22407970213948733
0.04046622477970172
0.34568575831501513
0.8995387874003208
0.7465202610213084
0.11593240688296379
0.44761208500209937
0.14533650964598827
0.4486827765382975
0.1314562707552225
0.5
0.4205286511943631
0.07396705078893824
0.03262185111356298
0.04554108409697607
0.042608751182039495
0.5940204447883178
0.1375490472278388
0.8205641849373859
0.7727392267845743
0.7612155141006087
0.21350616666966457
0.07214736352898173
0.013546596683404839
0.06001649057157161
0.0020156037583576114
0.003853287362960004
0.047832842584324284
0.14846993804386696
0.06870154111606165
0.9717857340226207
0.06180780396469273
0.5187194472380213
0.06946420036588036
0.06001172208874161
0.058032948276087945
0.03318191319033754
0.0276383132299115
0.04611736932228024
0.8654968500550339
0.13865319992692943
0.0634203539656331
0.16478293292887197
0.3214776283324857
0.05607270132834472
0.07872206970974262
0.14218138932361069
0.821884157668013
0.9257905457769758
0.42634577231613346
0.6765934549465928
0.06022084468071171
0.3747618290372296
0.021934142956225932
0.059540648127400966
0.1289675050249588
0.06762216536552863
0.059053980005026895
0.5120967676814154
0.0404662252407097
0.8253674082834124
0.04046923736672989
0.7325729560192678
0.05978141452947249
0.08510601542912831
0.046156197321354335
0.7731326780570169
0.4735999243433152
0.06461650634700035
0.03988951389511775
0.24042457704220668
0.3632429297381947
0.14262832143566773
0.24764493996931722
0.8917039552644312
0.6298914129404082
0.8042114472369534
0.8785126093164779
0.2713929113233526
0.312330045294297
0.013097181720538533
0.09083604726442562
0.7944238415893488
0.07015443672805632
0.061487626301455954
0.85056413978286
0.05988547569449508
0.06022158470066001
0.05972567555466921
0.11346536518502132
0.5956481956219185
0.06384964261807348
0.863337564642588
0.11300149577661354
0.04945349826855734
0.06090567886624594
0.34210135286506466
0.046258624848013574
0.9366759087662159
0.5512243858518461
0.4575683032700244
0.4165070338219356
0.930287739595972
0.04019965926692056
0.2587823798356358
0.8066315914350071
0.1937208796231668
0.01609850109785857
0.008219688284267022
0.043374899868774935
0.031180869613818895
0.06484938412881006
0.7382459713488576
0.8887528835904763
0.08751321649046424
0.12084143309635784
0.5806434025881716
0.5991452537298163
0.8179023131741491
0.8741304826032775
0.8311616379403707
0.6356927896670529
0.05937452481580008
0.20809345147850883
0.026541609969470508
0.08005496698555223
0.6840353994231052
0.09793815878959
0.06370524560422483
0.04050888284927619
0.038621319219720146
0.05804213075766013
0.9598823086254774
0.5457951428572223
0.05517701866586954
0.19145423022659377
0.21694429988855113
0.05574089058385345
0.4674911562148072
0.06302902218342882
0.20840844368320857
0.08406450006970458
0.09024082980347527
0.14220782452521316
0.8385544174899464
0.7797310501788812
0.06456730016809477
0.06665118260168497
0.7270169897444215
0.8955306699809616
0.6483520352563175
0.5853360984577515
0.08523720289423888
0.899333170160598
0.015641590952460874
0.04790931290058551
0.5451267957729152
0.08135317889903391
0.24071078734768359
0.0032026501395187304
0.12149722496042971
0.003871898268199113
0.060085285698797924
0.04702099198204276
0.6672351618538236
0.02907130271132948
0.03667909183041341
0.40716204452768284
0.7963843146832807
0.038734988412222726
0.040465460467799086
0.040466224585857226
0.00834050999312012
0.08178035166446081
0.07256317340600983
0.04047041111101699
0.0729764803676695
0.7007758062443568
0.22801321053539844
0.6780596993572764
0.7264548494693548
0.5841400526182138
0.06984124951524534
0.19843380805917135
0.8021843080256451
0.003092738989191551
0.0030050390891338645
0.04223848355801285
0.0809826095403635
0.08903033722751054
0.2071229954292409
0.040645031744143
0.821912036284946
0.07342508517413102
0.03499820812334675
0.22179597302743356
0.845751475946277
0.06032150787436248
0.21428651969613602
0.04015516886706783
0.4562822605232409
0.15939871077486148
0.7226477618027202
0.0037734459016461113
0.013487696708086023
0.06116410251910659
0.06005552254052953
0.05866194268924218
0.05896124311465633
0.7674275803578142
0.7576109198492407
0.9567061600282172
0.4742453040007441
0.906264171477025
0.07317635160076347
0.05999860972865502
0.23476740405939442
0.04046622477970172
0.8778877715890036
0.011077731611515207
0.8333023651549426
0.08260553178647632
0.05983045251727634
0.7725731439235991
0.046735011458953354
0.834348691841846
0.05760766606017892
0.8837873118880784
0.853092539678446
0.8655882060520671
0.002451144532867228
0.03824177990130311
0.809824953500399
0.06116797873972131
0.8786026912602717
0.8171430500010055
0.06087947761073083
0.9523926907304052
0.17334183255356336
0.5101950747720586
0.04327290762095764
0.10444619951621675
0.0017861949547748283
0.029125449269021022
0.0006805116172539215
0.0007741820106152703
0.07251862018259433
0.17403263205540054
0.44934634279975366
0.17373361650297692
0.6579886788747955
0.07065220922169259
0.1316734190832457
0.05303267996527894
